MADRID
40.44891664939684, -3.6954345862572517
40.44639016873945, -3.6488648552540366
40.42700076683588, -3.6878261925003404
GUADALAJARA
40.63230987659772, -3.16527800427381
CUENCA
40.063979700524634, -2.133436888325901
40.07589578620976, -2.139456428821126
VALENCIA
39.46770734077239, -0.36592036236318565
38.92070511887894, -0.1167992736632775
BALEARES
38.91794394820414, 1.468836405717335
39.571855253344346, 2.628119064812861
CATALUÑA
41.391419916550355, 2.1633065825785156
41.4596054571811, 2.2483446659641495
ZARAGOZA
41.64243604596679, -0.8752060167072768
PAIS VASCO
43.25230567967444, -2.923933546151072
CASTILLA Y LEÓN
42.05470902873366, -6.625333099193817
GALICIA
42.225165067517075, -8.722499245176158
42.87398106359358, -8.545147766529606
ANDALUCIA
37.38003158032987, -5.973486435367381
36.719037961833315, -4.421827166853013
37.16413956694116, -3.5954549202503583
ASTURIAS
43.537815598641814, -5.65240095073395
CANARIAS
28.142736069506633, -16.441781872862002
